arm,rate,seed,throughput_rps,tokens_per_sec,completed,ttft_mean_ms,ttft_p90_ms,ttft_p95_ms,ttft_p99_ms,e2e_mean_ms,e2e_p90_ms,e2e_p95_ms,e2e_p99_ms,itl_mean_ms,itl_p90_ms,itl_p95_ms,itl_p99_ms,timeouts,preemptions,disagg_count,sat_level,sat_score,goodput_rps,slo_attainment
"agg-4xtp4","0.2","42",0.190171655274472,1458.9478749786883,1000,53.578841,65.47420000000002,85.01209999999999,100.67239999999997,154459.451132,358656.75580000004,448808.0882999999,658820.2388200001,20.12909511113788,22.057,22.716,23.659,0,0,0,"STABLE",0,0.190171655274472,1
"agg-4xtp4","0.2","123",0.1842305174164911,1466.9351264677755,1000,53.43567899999999,65.53510000000001,81.85164999999999,93.86278,163002.935055,388826.7525,505126.58984999976,675584.42641,20.46709330028093,22.667,23.51,25.77,0,0,0,"STABLE",0,0.1842305174164911,1
"agg-4xtp4","0.2","777",0.18069279342615766,1381.6258855906265,1000,52.602064,63.3241,76.13039999999998,93.24423,153060.820908,369890.5070000001,479061.2028499999,654600.0512699999,20.013347055630476,22.086,22.637,23.493,0,0,0,"STABLE",0,0.18069279342615766,1
"agg-4xtp4","0.5","42",0.3786871868689851,2905.1903963646414,1000,62.496396999999995,79.0795,94.02879999999999,116.89018999999999,203089.595667,484643.8482,605084.5516499998,883224.2046899999,26.4676249403252,31.55,33.273,35.058,0,0,0,"OVERLOADED",0.7388932115077063,0.3786871868689851,1
"agg-4xtp4","0.5","123",0.3856379527417573,3070.6414274303365,1000,62.726182,80.906,96.45145,116.49437999999999,216580.324897,530860.7264,672641.50935,906693.45339,27.195487798276154,32.708,34.413,36.903,0,0,0,"OVERLOADED",0.8830127588784463,0.3856379527417573,1
"agg-4xtp4","0.5","777",0.3808031483329834,2911.7236890040413,1000,62.287786,78.838,90.66255,116.62747999999999,201207.511189,486164.2849,640668.3388999997,877236.94806,26.309658966001198,30.704,31.96,34.576,0,0,0,"OVERLOADED",0.6568895822155335,0.3808031483329834,1
"agg-4xtp4","1","42",0.5075018383797344,3893.42316857502,1000,72.452745,98.0603,115.5063,150.21412999999998,269648.23450900003,650393.3661,826598.4153999998,1138900.8157600001,35.143276199877405,45.233,46.911,48.813,0,0,0,"OVERLOADED",1,0.5075018383797344,1
"agg-4xtp4","1","123",0.5079499451637304,4044.5504224663123,1000,72.380207,101.7194,112.20344999999999,137.78924999999998,285582.204752,741200.9714,906431.7513999996,1157207.99152,35.86122203949558,47.399,49.829,51.626,0,0,0,"OVERLOADED",1,0.5079499451637304,1
"agg-4xtp4","1","777",0.5175565464401062,3957.3770943485906,1000,72.180535,97.1921,105.61299999999999,145.18221,264232.093932,678402.4194,858567.3447999997,1120234.09892,34.55196957033565,43.422,44.285,45.234,0,0,0,"OVERLOADED",1,0.5175565464401062,1
"agg-4xtp4","2","42",0.5849863309636965,4487.864204680091,1000,76.288129,106.83070000000001,121.91659999999995,155.60091,321228.05840499996,796932.0493000001,959117.5316499998,1283853.88032,41.867004948934536,55.361,56.485,57.488,0,0,0,"OVERLOADED",1,0.5849863309636965,1
"agg-4xtp4","2","123",0.5852143080457711,4659.767757385836,1000,74.830079,105.18400000000001,116.817,146.81563999999992,333598.370326,870774.4945,1066635.9867999998,1262621.91631,41.891960940893284,54.13,55.437,57.163,0,0,0,"OVERLOADED",1,0.5852143080457711,1
"agg-4xtp4","2","777",0.603949124519154,4617.958072337071,1000,75.26191899999999,103.63900000000001,116.31105,157.38357,313311.347521,833703.9483,983721.3986999999,1219944.2909199998,40.971124447141825,52.071,54.883,57.573,0,0,0,"OVERLOADED",1,0.603949124519154,1
"agg-4xtp4","5","42",0.637927062440903,4894.011837864498,1000,72.053892,99.894,115.22714999999998,148.11330999999998,356207.32690100005,883038.9168000001,1047751.2389,1357854.27947,46.427646244522364,58.806,60.727,63.59,0,0,0,"OVERLOADED",1,0.637927062440903,1
"agg-4xtp4","5","123",0.6404215092475309,5099.354986540447,1000,72.12858100000001,100.8621,112.19339999999998,145.91384,369309.600367,933400.3625,1132894.64895,1355605.00702,46.377791564602546,57.795,59.722,61.357,0,0,0,"OVERLOADED",1,0.6404215092475309,1
"agg-4xtp4","5","777",0.6661588222649365,5093.630217919716,1000,72.206361,100.95960000000001,112.95794999999998,150.03409999999997,346594.96884600003,901549.9614,1067141.0395499999,1275474.3775499999,45.32501605371687,56.049,56.72,58.067,0,0,0,"OVERLOADED",1,0.6661588222649365,1
"agg-4xtp4","10","42",0.659253643800205,5057.623867795072,1000,69.071719,94.8058,109.98079999999997,136.31599,367811.084566,903941.3797,1066140.2936499994,1371427.38534,47.940764511047306,59.768,61.838,64.989,0,0,0,"OVERLOADED",1,0.659253643800205,1
"agg-4xtp4","10","123",0.662110836493285,5272.056211356108,1000,68.306717,96.0602,103.96689999999992,139.19012999999998,382064.037195,947504.7402000001,1157623.4542999999,1378804.77001,47.980286307677275,59.174,60.618,63.065,0,0,0,"OVERLOADED",1,0.662110836493285,1
"agg-4xtp4","10","777",0.6915936210959182,5288.111557177086,1000,68.923872,93.4683,110.026,139.79966,357834.179445,913013.7139000001,1082234.6418999997,1314470.14213,46.79553221442801,56.413,57.13,58.225,0,0,0,"OVERLOADED",1,0.6915936210959182,1
"agg-4xtp4","20","42",0.6715187459588338,5151.718567159715,1000,66.429145,89.3148,102.71979999999998,130.75699,373476.811247,911044.8994000001,1073516.7860499995,1379185.88172,48.67972421729215,60.529,62.636,64.764,0,0,0,"OVERLOADED",1,0.6715187459588338,1
"agg-4xtp4","20","123",0.6742400645962975,5368.63516586789,1000,65.68776700000001,89.041,100.9399,126.40384999999995,388357.99093300005,952307.0673000001,1169250.4715999998,1389162.39438,48.771164191211255,59.331,61.169,62.545,0,0,0,"OVERLOADED",1,0.6742400645962975,1
"agg-4xtp4","20","777",0.7056032536494992,5395.232990282556,1000,65.721402,87.7343,101.96494999999999,131.49059,363568.710341,918957.6061,1087163.6990999994,1326380.7670099998,47.54602675105,56.404,57.257,58.512,0,0,0,"OVERLOADED",1,0.7056032536494992,1
"agg-4xtp4","50","42",0.6796013626404208,5213.726317025747,1000,65.99607300000001,91.2359,105.28144999999999,131.12245,377007.15553399996,914072.8468,1077491.944,1383853.1849,49.140015719600534,60.464,63.236,64.173,0,0,0,"OVERLOADED",1,0.6796013626404208,1
"agg-4xtp4","50","123",0.6823098648515826,5432.890934260998,1000,64.94665499999999,87.34080000000002,101.86984999999999,131.26624999999999,392090.659075,954548.0643000002,1174279.4164999996,1394709.7575700001,49.24009720532493,59.433,61.151,62.574,0,0,0,"OVERLOADED",1,0.6823098648515826,1
"agg-4xtp4","50","777",0.7148888772654312,5466.2333755683485,1000,64.865297,88.0801,101.68144999999998,122.17561,366881.914251,918802.5290999999,1089481.8202999993,1333163.3510999999,47.97950523055432,56.144,57.32,59.008,0,0,0,"OVERLOADED",1,0.7148888772654312,1
"agg-4xtp4","100","42",0.682432025702945,5235.4424337303635,1000,71.953037,108.1219,123.72779999999993,168.69968,378223.134638,914766.1477000001,1078856.2320499998,1385550.34004,49.29776084256256,60.454,63.185,64.325,0,0,0,"OVERLOADED",1,0.682432025702945,1
"agg-4xtp4","100","123",0.6851701924559822,5455.666287090374,1000,70.458678,106.4491,119.30964999999996,153.14011999999997,393354.12695,956499.7419000001,1175538.0692499997,1396412.83228,49.3981021250021,59.442,61.166,62.576,0,0,0,"OVERLOADED",1,0.6851701924559822,1
"agg-4xtp4","100","777",0.7182413061784702,5491.866952193252,1000,68.66515,99.43390000000001,116.8142,141.66152999999997,367952.46374800004,918098.606,1090243.0039999993,1334857.8031399997,48.11903590036715,56.17,57.218,59.119,0,0,0,"OVERLOADED",1,0.7182413061784702,1
"agg-4xtp4","200","42",0.6838178182005435,5246.073876237475,1000,208.821772,406.13400000000007,463.70989999999983,573.9154199999999,378913.521445,915658.4442,1079688.9893999998,1386282.1401600002,49.36992049439285,60.589,63.11,64.414,0,0,0,"OVERLOADED",1,0.6838178182005435,1
"agg-4xtp4","200","123",0.686492840775544,5466.1978716895865,1000,198.376666,485.05620000000005,584.8426,663.42429,394050.579221,957410.9362,1176337.4811499997,1397222.06524,49.46951259109781,59.431,61.184,62.549,0,0,0,"OVERLOADED",1,0.686492840775544,1
"agg-4xtp4","200","777",0.7199771604813281,5505.139762873564,1000,118.907205,217.32690000000002,242.67424999999994,332.4360899999999,368506.49834600004,919534.8564,1090636.870449999,1335557.88764,48.18493187827245,56.152,57.178,59.229,0,0,0,"OVERLOADED",1,0.7199771604813281,1
"pd-1p3d-thresh16","0.2","42",0.19068841393201427,1462.9123140756192,1000,61.889278,67.67880000000001,87.42824999999999,99.64209,164353.132756,370831.92260000017,482724.2867999999,684384.5735099998,21.469812000325394,23.783,24.257,25.167,0,0,1000,"STABLE",0,0.19068841393201427,1
"pd-1p3d-thresh16","0.2","123",0.1838591560437743,1463.978162280241,1000,61.888263,68.4013,86.73649999999999,95.66405999999999,174500.212656,413636.1166000001,545408.2065499999,726417.1683799999,21.96198819669364,24.549,25.867,27.595,0,0,1000,"STABLE",0,0.1838591560437743,1
"pd-1p3d-thresh16","0.2","777",0.1808651400268124,1382.9436942328148,1000,61.209239000000004,66.4248,85.27900000000001,95.49759999999999,162347.048135,395061.9973,500984.8356999999,684728.0214,21.27885892806925,24.069,24.643,25.333,0,0,1000,"STABLE",0,0.1808651400268124,1
"pd-1p3d-thresh16","0.5","42",0.37064117536418945,2843.4634719708174,1000,70.65226,80.8655,98.5399,108.99422999999996,239534.288886,572771.7078000001,719563.7867499999,985500.82685,31.271514848367996,37.826,39.704,43.109,0,0,1000,"OVERLOADED",0.9967207223338376,0.37064117536418945,1
"pd-1p3d-thresh16","0.5","123",0.3565692092357694,2839.1816154013954,1000,71.28086400000001,83.3467,95.11925,108.64639,258441.660602,643861.8952,791845.5141999997,1080099.5822299998,32.5060947164717,40.996,42.42,43.934,0,0,1000,"OVERLOADED",1,0.3565692092357694,1
"pd-1p3d-thresh16","0.5","777",0.3644004447167807,2786.3041884245786,1000,70.594406,80.3301,94.05785,107.14541999999999,237598.40515099998,595442.2192,770491.8161499997,1027368.9416099995,31.12244791066895,37.691,38.661,41.281,0,0,1000,"OVERLOADED",0.9041138352479267,0.3644004447167807,1
"pd-1p3d-thresh16","1","42",0.46751611889451794,3586.6630450000666,1000,78.40603999999999,93.81150000000001,108.26079999999999,124.15737999999999,330274.17550099996,831143.3594,1007873.3943999999,1314320.47629,43.10192223151294,56.853,58.541,60.651,0,0,1000,"OVERLOADED",1,0.46751611889451794,1
"pd-1p3d-thresh16","1","123",0.4427432303432192,3525.342086121422,1000,77.940026,96.92269999999999,103.7847,120.48026999999999,351151.847185,923103.14,1118168.581,1404538.8367799998,44.15190309311137,60.684,65.124,68.298,0,0,1000,"OVERLOADED",1,0.4427432303432192,1
"pd-1p3d-thresh16","1","777",0.4776015597783017,3651.870478486035,1000,77.98795299999999,93.12780000000001,99.65324999999997,121.82803999999999,322714.200345,848721.8529,1053384.44845,1350818.45227,42.25651218230357,54.584,55.464,56.899,0,0,1000,"OVERLOADED",1,0.4776015597783017,1
"pd-1p3d-thresh16","2","42",0.5215134425448367,4000.9165807358104,1000,80.105031,100.0292,108.35865,127.23079,392107.745347,976546.4047000001,1167487.7557999997,1466719.59466,51.163748416385275,67.751,68.873,70.319,0,0,1000,"OVERLOADED",1,0.5215134425448367,1
"pd-1p3d-thresh16","2","123",0.49452953994466814,3937.69047275034,1000,79.240302,98.39370000000001,104.8546,122.8158,409324.886629,1098492.7962,1286713.299,1594903.21829,51.45950916498378,67.836,69.205,71.331,0,0,1000,"OVERLOADED",1,0.49452953994466814,1
"pd-1p3d-thresh16","2","777",0.5354127189939548,4093.9102108619068,1000,80.003714,98.82100000000001,103.84715,126.19395999999999,382149.05105199997,987381.9686000003,1208490.1141999995,1463133.3626299999,50.03147858048179,64.414,65.112,66.34,0,0,1000,"OVERLOADED",1,0.5354127189939548,1
"pd-1p3d-thresh16","5","42",0.557047815785183,4273.527124367452,1000,76.885917,94.8377,106.25425,122.75447999999999,432119.976284,1066552.2185000002,1257851.9525999995,1518353.93389,56.3791883207648,73.69,75.269,76.192,0,0,1000,"OVERLOADED",1,0.557047815785183,1
"pd-1p3d-thresh16","5","123",0.5305639823293798,4224.614648169722,1000,76.562203,93.5736,100.37189999999995,118.74453999999999,451327.082055,1182955.4514,1364834.5631499996,1683103.76987,56.73602990994911,71.704,72.724,74.723,0,0,1000,"OVERLOADED",1,0.5305639823293798,1
"pd-1p3d-thresh16","5","777",0.5758851514730241,4403.37335715364,1000,76.98583,94.36500000000001,101.14125,123.40879,420850.32929100003,1073885.2325000002,1315577.0232999995,1552792.51479,55.094446870548715,68.668,69.296,69.917,0,0,1000,"OVERLOADED",1,0.5758851514730241,1
"pd-1p3d-thresh16","10","42",0.5691331433097555,4366.24263912147,1000,74.519535,93.6427,104.83839999999998,123.42796,446767.48403,1086474.4734,1288229.9549999996,1545117.86436,57.98296235162127,74.609,76.764,77.741,0,0,1000,"OVERLOADED",1,0.5691331433097555,1
"pd-1p3d-thresh16","10","123",0.5424581509227165,4319.321941805829,1000,74.416437,92.6147,100.24759999999999,118.94206,468064.34029900003,1201147.0373,1387192.8876,1701616.2063899995,58.49676909157046,73.373,74.293,75.534,0,0,1000,"OVERLOADED",1,0.5424581509227165,1
"pd-1p3d-thresh16","10","777",0.5911247344213266,4519.899323063757,1000,74.977453,93.2567,101.63505,124.32757,435726.950674,1090702.3960000002,1339013.4764999996,1576354.6044599998,56.70510906246607,69.041,69.659,70.3,0,0,1000,"OVERLOADED",1,0.5911247344213266,1
"pd-1p3d-thresh16","20","42",0.5736500920530566,4400.895504507301,1000,74.68242,96.281,109.62565,131.80561,455089.022163,1097591.0456,1296555.74965,1555118.41304,58.64208064969465,74.941,76.948,78.191,0,0,1000,"OVERLOADED",1,0.5736500920530566,1
"pd-1p3d-thresh16","20","123",0.5470791632762073,4356.116743428474,1000,74.03697100000001,94.9869,104.23459999999997,129.47351999999998,477721.052375,1217302.231,1397736.4636499996,1719000.6308299997,59.24632212078682,73.658,74.933,76.054,0,0,1000,"OVERLOADED",1,0.5470791632762073,1
"pd-1p3d-thresh16","20","777",0.5972083484999618,4566.416278884803,1000,74.803911,95.6059,109.2914,132.93546,445326.436006,1105619.2488,1351995.8464999998,1592656.12191,57.35443818779454,69.297,69.798,70.858,0,0,1000,"OVERLOADED",1,0.5972083484999618,1
"pd-1p3d-thresh16","50","42",0.5760284439343362,4419.141606525693,1000,90.52999000000001,149.241,172.27854999999997,215.72976999999997,460751.446849,1106070.0862,1297178.8707499998,1568301.59827,58.952054786746835,74.884,76.953,78.357,0,0,1000,"OVERLOADED",1,0.5760284439343362,1
"pd-1p3d-thresh16","50","123",0.5500265517617492,4379.585318349824,1000,82.863124,119.99900000000001,147.39754999999997,179.16210999999996,483755.89428500005,1218699.5875000001,1406458.5520999997,1736308.2769099995,59.608892311723245,73.485,75.186,76.334,0,0,1000,"OVERLOADED",1,0.5500265517617492,1
"pd-1p3d-thresh16","50","777",0.6007321136686851,4593.359938781457,1000,91.792121,154.7192,180.89744999999982,231.56063999999995,451462.92095999996,1121821.3379000002,1356592.6444999997,1595787.3639399998,57.69677038626497,69.27,70.009,71.147,0,0,1000,"OVERLOADED",1,0.6007321136686851,1
"pd-1p3d-thresh16","100","42",0.5765070417250834,4422.813285298074,1000,2555.685227,4483.9938,4775.8858,4897.69563,464124.081866,1108157.4383000003,1299988.9924499996,1572283.50129,58.98762393533767,74.826,76.949,78.431,0,0,1000,"OVERLOADED",1,0.20869554910448018,0.362
"pd-1p3d-thresh16","100","123",0.5502470408097943,4381.340961953905,1000,2211.275901,4201.689,4321.31545,4381.82918,486969.225151,1221199.9547000001,1414346.8756000001,1741560.0680499997,59.67054966866788,73.521,75.262,76.341,0,0,1000,"OVERLOADED",1,0.2602668503030327,0.473
"pd-1p3d-thresh16","100","777",0.6012276752883631,4597.149136727152,1000,2100.484858,3481.4969,3625.4254,3837.60529,454798.07892,1125414.8322,1359639.6332999999,1597928.40913,57.76235455582341,69.253,70.019,71.288,0,0,1000,"OVERLOADED",1,0.29400033321600955,0.489
"pd-1p3d-thresh16","200","42",0.5764457500220765,4422.343071165866,1000,5106.406939,8963.4362,9481.019299999998,9798.041270000002,466658.422923,1109280.7388000002,1303484.6242999998,1575408.6050200001,58.98654745838147,74.876,76.97,78.409,0,0,1000,"OVERLOADED",1,0.1135598127543491,0.197
"pd-1p3d-thresh16","200","123",0.5502415104355721,4381.296926360222,1000,4735.759728,8606.641,9003.144400000001,9247.8338,489486.1192,1224581.1755,1416812.1824999999,1745873.0281499997,59.67030155920406,73.518,75.265,76.345,0,0,1000,"OVERLOADED",1,0.11720144172277686,0.213
"pd-1p3d-thresh16","200","777",0.601272363029801,4597.490831263876,1000,4644.410686,8060.7044,8524.41225,8930.014720000001,457345.19461199996,1125872.2872000001,1360083.5838999997,1599931.30932,57.76269340284908,69.247,70.019,71.287,0,0,1000,"OVERLOADED",1,0.10221630171506617,0.17
"pd-2p2d-thresh16","0.2","42",0.17770351647338326,1363.2955308765463,1000,82.291749,93.73230000000001,110.86904999999999,121.82728,325893.807541,765998.966,976550.7542499992,1386627.84824,42.530527830293344,50.583,52.201,53.502,0,0,1000,"STABLE",0,0.17770351647338326,1
"pd-2p2d-thresh16","0.2","123",0.16839175949888407,1340.8190482263453,1000,84.008566,100.2243,110.75809999999996,124.60085,363208.68521499995,897143.8674000001,1118308.6701,1564865.0657099998,45.666193932975936,60.039,62.417,63.92,0,0,1000,"OVERLOADED",0.9503896918822266,0.16839175949888407,1
"pd-2p2d-thresh16","0.2","777",0.17241045681247927,1318.2969036115558,1000,82.05796000000001,94.4959,102.46294999999999,122.71319999999999,323195.28335900005,802361.3917,1064085.8818499998,1538173.9156499996,42.31919023827805,52.239,54.816,58.827,0,0,1000,"OVERLOADED",0.53070683445803,0.17241045681247927,1
"pd-2p2d-thresh16","0.5","42",0.23219068815324118,1774.8250117861128,932,110.43852899999999,157.0379,161.20059999999998,186.21396,686379.7094299999,1751448.7797000003,2129286.1550499992,2688303.9516,83.01324741219183,108.854,110.245,118.671,0,54002,932,"OVERLOADED",1,0.16542340872720188,0.664
"pd-2p2d-thresh16","0.5","123",0.21527038321505376,1694.7194750388267,859,100.59626300000001,156.5042,159.2647,166.59169999999995,607760.4708,1756650.7179,2106149.6992999995,2537968.23983,79.53761548040472,109.739,110.535,120.128,0,58477,859,"OVERLOADED",1,0.16640225198462827,0.664
"pd-2p2d-thresh16","0.5","777",0.22711791677607776,1753.7296765727478,913,107.49645100000001,156.1972,158.4892,178.22189999999995,655249.736681,1795165.2574,2168694.52605,2716829.2705099997,82.51261451088187,109.894,110.487,119.345,0,29504,913,"OVERLOADED",1,0.15547502517529965,0.625
"pd-2p2d-thresh16","1","42",0.23706197987489533,1792.3196910509294,866,105.357736,153.5448,158.38889999999998,179.48793999999998,808226.615403,1962941.2704,2345525.3418999994,2829103.3185300003,85.78079854024388,108.188,110.272,112.351,0,59710,866,"OVERLOADED",1,0.16068750829857223,0.587
"pd-2p2d-thresh16","1","123",0.22072669776545156,1748.978223232526,881,107.485822,156.3964,160.12645,185.96003,921613.672952,2315869.3672,2668778.0991999996,3096401.358929999,85.79729336813601,109.253,110.525,119.426,0,141639,881,"OVERLOADED",1,0.1538322275005531,0.614
"pd-2p2d-thresh16","1","777",0.22350808784559478,1744.4511257564477,841,103.378062,153.3268,156.73625,174.92560999999998,808802.822518,2066927.8977,2525519.9262499996,2920703.66766,86.36536357012506,109.085,109.905,116.143,0,52187,841,"OVERLOADED",1,0.14989127413188522,0.564
"pd-2p2d-thresh16","2","42",0.2384948347208816,1822.920795549787,931,113.24265700000001,156.541,162.62345,185.62610999999998,1152388.7547219999,2549592.9556,2912377.9023999996,3375407.5888199997,87.48959692589476,107.941,109.954,116.952,0,146972,931,"OVERLOADED",1,0.16676706488001497,0.651
"pd-2p2d-thresh16","2","123",0.21820646386602494,1758.6298336548891,930,113.786981,157.50889999999998,162.20905,185.14031999999997,1246733.098348,2848498.1628000005,3170591.4479,3683133.4439499993,87.36344483982204,109.034,110.368,117.4,0,224116,930,"OVERLOADED",1,0.15321378591883256,0.653
"pd-2p2d-thresh16","2","777",0.2280142832802234,1788.0947525126999,913,111.528678,153.371,156.92744999999996,181.54036999999997,1190168.695132,2612443.1746,3045642.496,3471148.3744,87.305320118287,107.792,108.57,114.956,0,168764,913,"OVERLOADED",1,0.1590855404704297,0.637
"pd-2p2d-thresh16","5","42",0.2389022635361396,1832.7965290652708,1000,119.919337,158.45080000000002,164.41309999999996,185.03413,1504362.853649,3016256.8316,3383294.7675999994,3810735.3391499994,87.22508918328892,109.011,110.34,117.351,0,226871,1000,"OVERLOADED",1,0.17654877275320718,0.739
"pd-2p2d-thresh16","5","123",0.22433037469520675,1786.2301598498343,1000,119.96361599999999,155.8281,161.35869999999997,181.51326,1598539.432418,3258444.4761,3582054.7986500002,4137742.5834500003,87.11622007215226,107.731,108.574,114.477,0,303049,1000,"OVERLOADED",1,0.15837724453481597,0.706
"pd-2p2d-thresh16","5","777",0.2375955985938071,1816.7200976598695,1000,119.48795299999999,155.1143,162.4279,182.28429999999997,1589820.444684,3104620.6180000002,3450694.3706999994,3871469.97115,86.56161971375765,108.467,110.079,115.567,0,259966,1000,"OVERLOADED",1,0.17273200017769777,0.727
"pd-2p2d-thresh16","10","42",0.2386410252338796,1830.792376209814,1000,120.03214299999999,158.3452,167.4252,186.15676,1546709.026807,3087294.5297000003,3443930.9571499997,3879863.90253,87.32636250104619,109.146,110.5,117.801,0,237208,1000,"OVERLOADED",1,0.17635571764783703,0.739
"pd-2p2d-thresh16","10","123",0.22286987494698213,1774.6009335255953,1000,119.903217,155.86800000000002,162.47355,184.95646,1641404.547042,3328327.1089,3636544.41855,4211453.95597,87.14517447156302,107.979,109.001,114.416,0,300426,1000,"OVERLOADED",1,0.15868335096225128,0.712
"pd-2p2d-thresh16","10","777",0.23744620664795815,1815.5778065060829,1000,119.980462,156.2302,163.35885,185.90989,1634291.947716,3188822.3557,3537787.9685499994,3951694.0269,86.72453239192338,108.589,110.17,117.251,0,260346,1000,"OVERLOADED",1,0.17286083843971353,0.728
"pd-2p2d-thresh16","20","42",0.24008665405349502,1841.882867541668,1000,121.394076,159.3607,173.40944999999996,193.51346999999998,1566681.971903,3131854.1935,3473132.9848999996,3914743.68425,87.38007424861897,108.995,110.498,117.935,0,233504,1000,"OVERLOADED",1,0.17718395069147932,0.738
"pd-2p2d-thresh16","20","123",0.2250021310514337,1791.5790184927787,1000,120.901345,158.19369999999998,171.6183,200.09002999999998,1660658.372235,3356859.4107000004,3676231.5738999997,4244980.75325,87.34459462503162,108.147,108.889,114.075,0,291910,1000,"OVERLOADED",1,0.15772649386705503,0.701
"pd-2p2d-thresh16","20","777",0.23841774833789062,1823.006476583563,1000,120.537902,157.08270000000002,168.69055,189.38975,1653014.366431,3186431.2227000003,3552035.3595499997,3963038.66841,86.67685533355919,108.474,109.739,110.641,0,260153,1000,"OVERLOADED",1,0.17213761429995703,0.722
"pd-2p2d-thresh16","50","42",0.2397220235961447,1839.0855167475343,1000,137.909888,197.46450000000002,224.16859999999997,252.10766,1576539.269323,3163146.243,3495567.3455999997,3936577.9411,87.45450618271347,109.461,110.505,118.275,0,230542,1000,"OVERLOADED",1,0.17691485341395477,0.738
"pd-2p2d-thresh16","50","123",0.22328248650251062,1777.8863522112676,1000,131.16101500000002,182.2789,211.027,251.81746,1671609.0836830002,3365211.3659,3690248.95195,4249487.49604,87.2924457340817,108.486,109.451,114.428,0,298040,1000,"OVERLOADED",1,0.15875384790328503,0.711
"pd-2p2d-thresh16","50","777",0.23862505047695348,1824.591564710415,1000,138.73828,199.2195,217.2518,248.99062,1660620.376373,3184477.4940000004,3585397.18675,3978943.99058,86.76977024827114,108.677,109.765,111.162,0,260975,1000,"OVERLOADED",1,0.17324178664626824,0.726
"pd-2p2d-thresh16","100","42",0.24032048205120315,1843.6767356124612,1000,2603.2481430000003,4555.026800000001,4841.20625,4963.13846,1581085.527099,3155389.0774000003,3520047.45645,3940098.15645,87.39506952665076,109.005,110.543,117.918,0,229837,1000,"OVERLOADED",1,0.08555409161022832,0.356
"pd-2p2d-thresh16","100","123",0.22529267663481142,1793.8924871193328,1000,2259.454356,4265.4868,4387.2464,4444.28802,1675072.574758,3371780.2151,3699326.5105,4266570.13122,87.35537433282029,108.529,109.535,114.465,0,293319,1000,"OVERLOADED",1,0.10498638731182212,0.466
"pd-2p2d-thresh16","100","777",0.23854811863141262,1824.0033230478114,1000,2147.925946,3538.9448,3690.0642,3901.38231,1668903.1974749998,3215732.0456000003,3586552.4329999997,3992991.2175999996,86.71662314594514,108.628,109.808,112.869,0,259427,1000,"OVERLOADED",1,0.11307180823128958,0.474
"pd-2p2d-thresh16","200","42",0.23913298992380458,1834.5666023840283,1000,5154.05791,9033.918099999999,9548.113299999999,9862.49827,1582967.960889,3172169.1862,3492169.909649999,3938950.81998,87.40894983523106,109.222,110.548,118.442,0,233001,1000,"OVERLOADED",1,0.046870066025065694,0.196
"pd-2p2d-thresh16","200","123",0.22329101015015085,1777.9542217385558,1000,4783.948828,8660.3428,9059.972800000001,9298.29501,1679280.92224,3359101.8950000005,3702235.812,4271987.437569999,87.25355072449933,108.519,109.682,114.114,0,288996,1000,"OVERLOADED",1,0.047114403141681825,0.211
"pd-2p2d-thresh16","200","777",0.2385042262213101,1823.6677098292166,1000,4691.556028,8127.346100000001,8591.23345,8992.93742,1671330.235868,3218867.9204,3604306.38715,3992233.0179299996,86.71105611116415,108.622,109.791,111.331,0,257495,1000,"OVERLOADED",1,0.04054571845762271,0.17
"pd-3p1d-thresh16","0.2","42",0.17770351647338326,1363.2955308765463,1000,82.294805,93.73230000000001,110.86904999999999,121.82728,325893.807541,765998.966,976550.7542499992,1386627.84824,42.530527830293344,50.583,52.201,53.502,0,0,1000,"STABLE",0,0.17770351647338326,1
"pd-3p1d-thresh16","0.2","123",0.1683917616822795,1340.8190656116271,1000,83.94252800000001,100.05550000000001,110.11369999999997,123.27238999999999,363208.585352,897143.8633000001,1118308.5931,1564864.9887099997,45.666192028058035,60.039,62.417,63.92,0,0,1000,"OVERLOADED",0.9503907173231767,0.1683917616822795,1
"pd-3p1d-thresh16","0.2","777",0.17241045699083143,1318.2969049752846,1000,82.027197,94.4749,102.46294999999999,122.71319999999999,323195.237892,802361.3857,1064085.8758499997,1538173.9096499998,42.31918939710435,52.239,54.816,58.827,0,0,1000,"OVERLOADED",0.5307073199704769,0.17241045699083143,1
"pd-3p1d-thresh16","0.5","42",0.2288625689767668,1753.0462004650378,936,110.799112,157.037,160.9727,185.90886,692855.6936979999,1760464.9508000005,2148319.7495999997,2699734.76142,83.01909666386558,108.815,110.21,118.494,0,55846,936,"OVERLOADED",1,0.16284452023346868,0.666
"pd-3p1d-thresh16","0.5","123",0.2152703819203016,1694.7194648458699,859,100.48703900000001,156.4318,159.22975,166.07486999999998,607760.36865,1756650.7419,2106149.7232999993,2537968.2638299996,79.53761372136194,109.739,110.535,120.128,0,58477,859,"OVERLOADED",1,0.1664022509837954,0.664
"pd-3p1d-thresh16","0.5","777",0.22711791615460128,1753.7296717739116,913,107.450082,156.1972,158.4892,178.22189999999995,655249.685228,1795165.2684000002,2168694.53705,2716829.28151,82.51261185460802,109.894,110.487,119.345,0,29504,913,"OVERLOADED",1,0.15547502474986397,0.625
"pd-3p1d-thresh16","1","42",0.2383346425868068,1797.4994850676724,865,105.177255,152.9488,157.88569999999999,178.53608,805354.0785759999,1959602.7189,2339923.1588,2826157.37974,85.83528288392371,108.288,110.321,112.6,0,59260,865,"OVERLOADED",1,0.16173691930457296,0.587
"pd-3p1d-thresh16","1","123",0.2187450926527055,1742.757316176209,880,107.33525900000001,156.65269999999998,159.7743,186.18215999999998,921940.635707,2334830.1799999997,2709264.2263499997,3127895.5979699995,85.79377061773793,109.263,110.503,119.476,0,141333,880,"OVERLOADED",1,0.15237584295012327,0.613
"pd-3p1d-thresh16","1","777",0.22350808879600365,1744.4511331742635,841,103.312905,153.3268,156.73625,174.92560999999998,808802.7392300001,2066927.8817000003,2525519.9102499997,2920703.65166,86.36535793433332,109.085,109.905,116.143,0,52187,841,"OVERLOADED",1,0.1498912747692581,0.564
"pd-3p1d-thresh16","2","42",0.23642509059810754,1817.0384878201917,921,111.890758,156.2485,162.26665,185.30171,1125075.0887,2532105.6355999997,2895710.8268999998,3367201.89323,87.52294866221334,108.469,110.078,117.522,0,141361,921,"OVERLOADED",1,0.16660139391766754,0.649
"pd-3p1d-thresh16","2","123",0.21824174141838495,1756.0987699959255,927,113.387552,157.42329999999998,161.66955000000002,184.51197,1234944.9353210002,2839787.4034,3162838.90275,3667347.646169999,87.34344328501234,109.163,110.428,117.657,0,215109,927,"OVERLOADED",1,0.15349904574410678,0.652
"pd-3p1d-thresh16","2","777",0.229670988991429,1790.5702516171564,915,111.582923,153.8815,157.35885,181.28798,1191175.6036029998,2595735.5332,3026083.8756999993,3454391.8538699998,87.2496790584699,107.711,108.502,114.934,0,169210,915,"OVERLOADED",1,0.16064418902132738,0.64
"pd-3p1d-thresh16","5","42",0.23891029159037883,1832.858118226156,1000,119.56312,157.84799999999998,163.3867,183.30328,1504934.128756,3016804.1556,3375552.15745,3821164.04293,87.19416255011575,109.141,110.344,117.248,0,226475,1000,"OVERLOADED",1,0.17679361577688033,0.74
"pd-3p1d-thresh16","5","123",0.22433384862279962,1786.2578209913447,1000,119.584576,155.46120000000002,160.86505,180.907,1599472.3066389998,3256569.0986,3576993.4938999997,4137064.4012499996,87.08718586401706,107.807,108.513,114.116,0,300621,1000,"OVERLOADED",1,0.15882836482494214,0.708
"pd-3p1d-thresh16","5","777",0.23759513704586227,1816.7165685396653,1000,119.04418700000001,154.59220000000002,161.07635,181.22439,1589824.514093,3104638.2167,3450705.071999999,3871480.88372,86.56152251444357,108.467,110.075,115.549,0,258797,1000,"OVERLOADED",1,0.17273166463234188,0.727
"pd-3p1d-thresh16","10","42",0.23971713960518673,1839.0480480289743,1000,119.43458500000001,157.607,163.39350000000002,183.83764000000002,1546939.2894030001,3088378.8108,3445424.14845,3880108.37605,87.35688023166468,109.187,110.518,118.055,0,237319,1000,"OVERLOADED",1,0.1769112490286278,0.738
"pd-3p1d-thresh16","10","123",0.22285834104800936,1774.5090948780924,1000,119.340389,155.5035,161.05894999999998,180.84868999999998,1641475.569404,3314568.3115000003,3637664.55575,4212960.05875,87.11345955987177,107.889,108.868,114.273,0,297614,1000,"OVERLOADED",1,0.15978943053142272,0.717
"pd-3p1d-thresh16","10","777",0.2374384716368987,1815.5186625230695,1000,119.12491499999999,155.9321,161.4287,180.22313,1634352.007642,3188729.9154999997,3537948.1879,3951818.63598,86.7285283436687,108.592,110.176,117.498,0,260175,1000,"OVERLOADED",1,0.17261776888002536,0.727
"pd-3p1d-thresh16","20","42",0.24004246583581743,1841.5438669362056,1000,119.227811,157.0278,162.30485,182.70932,1567926.127454,3131490.4466000004,3476654.6868,3919822.28127,87.33379644016185,108.956,110.432,117.511,0,235383,1000,"OVERLOADED",1,0.17763142471850488,0.74
"pd-3p1d-thresh16","20","123",0.22505873761856066,1792.029748170314,1000,119.033697,155.4498,160.8562,180.77174,1660205.397757,3346521.936400001,3677486.7280499996,4244419.53861,87.3704788039889,108.094,109.009,114.081,0,293770,1000,"OVERLOADED",1,0.15821629254584815,0.703
"pd-3p1d-thresh16","20","777",0.2382347635744341,1821.6073256762884,1000,118.568944,154.2139,161.3503,182.36674,1655662.687699,3187771.1823,3553961.16375,3966050.3266499997,86.70641571756133,108.618,109.779,111.147,0,259451,1000,"OVERLOADED",1,0.17176726453716698,0.721
"pd-3p1d-thresh16","50","42",0.23885903581418275,1832.4648971351698,1000,119.648122,158.025,164.27904999999998,184.74861,1572897.607422,3137024.1906,3505679.30365,3930869.1488200002,87.46929321244282,109.368,110.522,117.752,0,228182,1000,"OVERLOADED",1,0.1743670961443534,0.73
"pd-3p1d-thresh16","50","123",0.2234692342315101,1779.3733306299307,1000,119.52538700000001,156.2891,162.05419999999998,181.74288,1670404.443197,3364647.0631,3693542.8471,4255681.473900001,87.24019038000135,108.075,109.281,114.567,0,301035,1000,"OVERLOADED",1,0.15955703324129822,0.714
"pd-3p1d-thresh16","50","777",0.23863370305768505,1824.6577246788856,1000,118.901292,155.21640000000002,162.4316,182.93859999999998,1660981.7970109999,3181361.8756000004,3577541.0988,3979513.24864,86.72489568857607,108.55,109.569,110.662,0,258089,1000,"OVERLOADED",1,0.17372533582599473,0.728
"pd-3p1d-thresh16","100","42",0.23925579360984647,1835.5087205799907,1000,121.534022,160.07600000000002,174.59615,192.27118,1580408.177293,3180748.1248000003,3491957.2399499984,3935780.20046,87.496548694507,109.34,110.518,117.641,0,235163,1000,"OVERLOADED",1,0.17489598512879778,0.731
"pd-3p1d-thresh16","100","123",0.2241465490364585,1784.7664484097027,1000,121.148757,158.8441,170.88039999999998,190.42804,1673171.9432650001,3365285.6316000004,3695837.6995,4257722.15665,87.34892640216702,108.581,109.572,114.349,0,301280,1000,"OVERLOADED",1,0.1582474636197397,0.706
"pd-3p1d-thresh16","100","777",0.23867050732383008,1824.9391400349823,1000,120.63292600000001,156.6451,166.96729999999997,192.91044,1666749.0301700002,3218627.7838000003,3592451.9136499995,3998613.9469399997,86.56402941505009,108.254,109.519,110.838,0,260692,1000,"OVERLOADED",1,0.17470681136104363,0.732
"pd-3p1d-thresh16","200","42",0.23873941695440618,1831.54721210463,1000,305.456685,465.81600000000003,496.49885,544.2560799999999,1588671.9349389998,3151716.7124000005,3546012.6544500003,3955823.37515,87.49588817600696,108.84,110.513,117.656,0,244471,1000,"OVERLOADED",1,0.17427977437671652,0.73
"pd-3p1d-thresh16","200","123",0.22345691947715002,1779.275274422968,1000,196.470218,337.3077,365.1945999999999,435.80371,1676160.893984,3389592.2729,3721253.1397499996,4265493.747819999,87.34130584834664,107.957,109.058,115.103,0,295035,1000,"OVERLOADED",1,0.15977169742616226,0.715
"pd-3p1d-thresh16","200","777",0.2385836717573727,1824.2751718482461,1000,148.264761,206.62660000000002,222.92324999999997,239.81587000000002,1673231.902342,3223348.1689,3595473.3811,4001449.97533,86.64085961738434,108.696,110.208,115.078,0,259224,1000,"OVERLOADED",1,0.17416608038288206,0.73
